accuracy : 0.7843992798325046
recall : 0.40611018582504804
precision : 0.6748697898675236
sensitivity : 0.9339035646954174

accuracy : 0.8261242801563781
recall : 0.48520310721554255
precision : 0.7939805684542965
sensitivity : 0.9684636954675601

accuracy : 0.8763367530930714
recall : 0.6210068177338721
precision : 0.8837582768220903
sensitivity : 0.9813425438111026

